<?xml version="1.0"?>
<opencv_storage>
<distortion_model>plumb_bob</distortion_model>
<camera_name>left_camera</camera_name>
<height>4928</height>
<width>3264</width>
<K type_id="opencv-matrix">
  <rows>3</rows>
  <cols>3</cols>
  <dt>d</dt>
  <data>
    7.2552195665015015e+03 0. 2.4426443924555588e+03 0.
    7.2505985578767632e+03 1.7053342491971966e+03 0. 0. 1.</data></K>
<D type_id="opencv-matrix">
  <rows>1</rows>
  <cols>5</cols>
  <dt>d</dt>
  <data>
    0. 0. 0. 0. 0.</data></D>
<P type_id="opencv-matrix">
  <rows>3</rows>
  <cols>4</cols>
  <dt>d</dt>
  <data>
    7.2552195665015015e+03 0. 2.4426443924555588e+03 0. 0.
    7.2505985578767632e+03 1.7053342491971966e+03 0. 0. 0. 1. 0.</data></P>
</opencv_storage>
