<?xml version="1.0"?>
<opencv_storage>
<distortion_model>plumb_bob</distortion_model>
<camera_name>right_camera</camera_name>
<height>4928</height>
<width>3264</width>
<K type_id="opencv-matrix">
  <rows>3</rows>
  <cols>3</cols>
  <dt>d</dt>
  <data>
    7.1851269946872499e+03 0. 2.4934051841399223e+03 0.
    7.1793319788309163e+03 1.7106797244996742e+03 0. 0. 1.</data></K>
<D type_id="opencv-matrix">
  <rows>1</rows>
  <cols>5</cols>
  <dt>d</dt>
  <data>
    0. 0. 0. 0. 0.</data></D>
<P type_id="opencv-matrix">
  <rows>3</rows>
  <cols>4</cols>
  <dt>d</dt>
  <data>
    6.6735740240307323e+03 -1.9328666365142428e+00
    3.6478110356607135e+03 -1.9451813003679372e+03
    -2.9600427441894652e+02 7.1722813463345683e+03
    1.7146412279615313e+03 3.4306258110899599e+01
    -1.6544541594230111e-01 -4.0837769269105317e-03
    9.8621049330743293e-01 2.9654851510831911e-02</data></P>
</opencv_storage>
